Crossover:

[9, 11, 5, 6, 1, 7, 14, 12, 3, 4, 13, 10, 2, 8]
[7, 4, 1, 12, 8, 2, 6, 14, 9, 10, 11, 5, 3, 13]
[8, 11, 5, 6, 1, 7, 14, 12, 3, 4, 2, 9, 10, 13]

[4, 13, 5, 10, 6, 11, 14, 8, 9, 12, 2, 1, 7, 3] p1
[9, 2, 12, 4, 3, 8, 1, 6, 14, 10, 13, 11, 7, 5] p2
[9, 2, 5, 10, 6, 11, 14, 8, 12, 4, 3, 1, 13, 7] child

[18, 8, 33, 4, 35, 25, 15, 29, 38, 17, 9, 21, 7, 16, 1, 34, 5, 13, 23, 44, 40, 39, 12, 19, 36, 47, 3, 10, 26, 28, 32, 22, 42, 27, 30, 46, 14, 11, 31, 24, 6, 37, 43, 45, 20, 2, 41]
[17, 25, 6, 43, 5, 29, 41, 28, 2, 35, 26, 37, 1, 21, 9, 33, 44, 24, 12, 10, 46, 18, 15, 39, 36, 14, 40, 11, 38, 31, 27, 45, 8, 42, 7, 34, 4, 22, 20, 13, 47, 3, 16, 23, 19, 30, 32]
[17, 25, 6, 43, 29, 41, 2, 35, 37, 9, 33, 21, 7, 16, 1, 34, 5, 13, 23, 44, 40, 39, 12, 19, 36, 47, 3, 10, 26, 28, 32, 22, 42, 27, 30, 46, 14, 11, 31, 24, 18, 15, 38, 45, 8, 4, 20]



Mutation:
[3, 5, 4, 2, 1, 6]
[3, 1, 4, 2, 5, 6]

